103
5 4
1 1 1 1 1
9 3
1 2 3 4 5 6 7 8 9
6 1
45 67 55 64 77 59
6 2
45 67 55 64 77 59
5 4
1000 10 10 10 10
6 4
40 40 5 20 10 10 
5 3
100 200 300 400 500 
5 4
100 100 100 100 100 
5 3
100 200 300 400 500
8 6 
10 10 20 1200 10 10 20 1200 
8 6 
10 10 20 1200 10 10 20 1200 
9 3
100 200 300 400 500 600 700 800 900
5 4
100 100 100 100 100
10 4
100 1 1 1 1 1 1 1 1 1
5 4
1000 10 10 10 10
5 4
1000 10 10 10 10
5 4
1000 10 10 10 10
6 4
40 40 5 20 10 10 
5 3
100 200 300 400 500 
5 4
100 100 100 100 100 
5 3
100 200 300 400 500
8 6 
10 10 20 1200 10 10 20 1200
9 3
100 200 300 400 500 600 700 800 900
5 4
100 100 100 100 100
6 4
1 1 1 1 1 1000
10 4
1 1 1 1 1 1 1 1 1 10
10 4
1 1 1 1 1 1 1 1 1 10 
5 3
100 200 300 400 500
10 4
1 1 1 1 1 1 1 1 1 10 
5 3
100 200 400 500 600
10 4
1 1 1 1 1 1 1 1 1 10 
5 3
100 400 400 500 600
10 4
1 1 1 1 1 1 1 1 1 11
9 4
564 235 2365 32 565411 65256009 189 5656 698651
30 10
564 235 2365 32 565411 656009 189 5656 698651 148645 61415 25665 2645 25652 652 74252351 14562 6522 56 8520 21640 625 1868 6144 23565 235416 1645 21 6533 3
30 15
564 235 2365 32 565411 656009 189 5656 698651 148645 61415 25665 2645 25652 652 74252351 14562 6522 56 8520 21640 625 1868 6144 23565 235416 1645 21 6533 3
30 24
564 235 2365 32 565411 656009 189 5656 698651 148645 61415 25665 2645 25652 652 74252351 14562 6522 56 8520 21640  625 1868 6144 23565 235416 1645 21 6533 3
30 24
564 235 2365 32 565411 656009 189 5656 698651 148645 61415 25665 2645 25652 652 252351 14562 6522 56 8520 21640  625 1868 6144 23565 235416 1645 21 6533 3
10 4
1 1 1 1 1 1 1 1 1 11
10 4
1 1 1 1 1 1 1 1 1 10
10 4 
100 200 400 300 500 100 200 700 400 200 
6 4
40 40 5 20 10 10
5 3
100 200 300 400 500
8 6 
10 10 20 1200 10 10 20 1200
5 3
100 200 300 400 500
8 6 
10 10 20 1200 10 10 20 1200
10 4
100 1 1 1 1 1 1 1 1 1
6 4
1 1 1 1 1 1000
10 4
1 1 1 1 1 1 1 1 1 10
9 4
564 235 2365 032 00565411 65256009 189 5656 698651
30 10
564 235 2365 032 00565411 656009 189 5656 698651 148645 61415 25665 2645 25652 0652 74252351 14562 6522 56 8520 21640  625 1868 6144 23565 235416 1645 21 6533 3
30 24
564 235 2365 032 00565411 656009 189 5656 698651 148645 61415 25665 2645 25652 0652 74252351 14562 6522 56 8520 21640  625 1868 6144 23565 235416 1645 21 6533 3
10 4
100 200 400 300 500 100 200 700 400 200
10 4
1 1 100 1 1 1 1 1 1 1
8 6 
10 10 20 1200 10 10 20 1200
5 4
1000 10 10 10 10
6 4
40 40 5 20 10 10 
5 3
100 200 300 400 500 
5 4
100 100 100 100 100 
5 3
100 200 300 400 500
8 6 
10 10 20 1200 10 10 20 1200
9 3
100 200 300 400 500 600 700 800 900
5 4
100 100 100 100 100
6 4
1 1 1 1 1 1000
5 4
1000 10 10 10 10
6 4
40 40 5 20 10 10 
5 3
100 200 300 400 500 
5 4
100 100 100 100 100 
5 3
100 200 300 400 500
8 6 
10 10 20 1200 10 10 20 1200
9 3
100 200 300 400 500 600 700 800 900
5 4
100 100 100 100 100
6 4
1 1 1 1 1 1000
6 4
1 1 1000 1 1 1
6 4
1 1 1 1 1000 487
5 4
1000 10 10 10 10
6 4
40 40 5 20 10 10 
5 3
100 200 300 400 500 
5 4
100 100 100 100 100 
5 3
100 200 300 400 500
8 6 
10 10 20 1200 10 10 20 1200
9 3
100 200 300 400 500 600 700 800 900
5 4
100 100 100 100 100
6 4
1 1 1 1 1 1000
10 7
2 38 9 738 27 87 3 1 800 30
5 4
1000 10 10 10 10
6 4
40 40 5 20 10 10 
5 3
100 200 300 400 500 
5 4
100 100 100 100 100 
5 3
100 200 300 400 500
8 6 
10 10 20 1200 10 10 20 1200
9 3
100 200 300 400 500 600 700 800 900
5 4
100 100 100 100 100
6 4
1 1 1 1 1 1000
10 7
2 38 9 738 27 87 3 39 30 11
10 3
2 38 9 738 27 87 3 39 30 11
10 3
738 38 9 2 27 87 3 39 30 11
10 3
38 9 2 27 87 3 39 30 11 738
10 3
738 38 9 2 27 87 3 39 30 11
10 3
38 9 2 27 87 3 39 30 11 738
5 2
67 89 120 31 166
6 3
67 89 79 120 31 166
3 1
45 67 55