90
1
88
8885
88850
220
220
875
000
8885
88850
220
875
20000000
63159256052431471419
26152447789752139952
62279594798544571544
32379938782099128353
33544047172447233874
6255051
655051
6550513
150
8885
88850
8885
88850
220
875
20000000
8885 
88850 
63159256052431471419
26152447789752139952
62279594798544571544
32379938782099128353
33544047172447233874
20
10
110
12001
1311110
4111110
411110
411220
12230
122002
1209
1201
11220
12252
12005
1221130
1222330
1230002
31020
31300
12003
63159256052431471419
26152447789752139952
62279594798544571544
32379938782099128353
3354404717244723387
22110
522215
5100
322110
332220
321000
32100
3300
32100
32100
11
100
25
35
155
98765433333333333333333333333899999999999999999999993428438748347328473284374637264834834834873647657468736437647364732778632876762387683768746732687627462374873647
0000000000000000000000000000000000000000000000000000000000000000000000000000000031
02041
0
00
0402
00004 
2356789
2222356789
2
57
578
2908