100 256547898
20325 265444 125465587 256547 2316499
20325 265444 125465587 256547 2316499
20325 265444 125465587 256547 2316499
20325 265444 125465587 256547 2316499 
20325 265444 125465587 256547 2316499
20325 265444 125465587 256547 2316499
20325 265444 125465587 256547 2316499
20325 265444 125465587 256547 2316499 
20325 265444 125465587 256547 2316499
20325 265444 125465587 256547 2316499
20325 265444 125465587 256547 2316499
20325 265444 125465587 256547 2316499 
20325 265444 125465587 256547 2316499
20325 265444 125465587 256547 2316499
20325 265444 125465587 256547 2316499
20325 265444 125465587 256547 2316499 
