5 10
5
1 8
5 8
7 10
8 10
8 10

0 0
1
0 0

5 5
3
2 4
2 5
2 6

5 555
7
2 3
4 4
5 5
77 77
66 333
60 77
60 70

5 8
4
5 8
5 8
5 8
5 8

5 8
4
4 4
4 5
6 7
8 9

5 8
4
5 6
5 33
4 5
8 8

6 6
3
2 77
2 5
6 6

7 99
3
0 6
100 200
150 300

3 4
3
3 4
3 4
3 4

9 14
4
8 10
12 14
12 14
8 12

3 6
3
1 2
1 7
2 3

3 5
3
1 3
6 7
5 6

4 12
3
4 7
8 9
9 11

4 12
3
4 7
8 9
9 12

4 12
3
4 7
8 9
9 12

4 12
3
4 7
8 9
9 11

5 10
4
1 8
5 8
7 10
8 9

3 6
3
1 2
1 7
2 3

7 99
3
0 6
100 200
150 300

5 8
4
4 4
4 5
6 7
8 9

9 14
4
8 10
12 14
12 14
8 12

1 2 
5 
1 1 
2 2 
2 2 
2 2 
2 2

0 0
3
0 0
1 1
2 2

3 5
3
1 3
6 7
5 6

3 5
3
4 6
3 5
2 4

0 0
3
0 4 
0 4
0 5

0 0
3
0 0 
0 0
0 0 

4 12
3
4 7
8 9
9 11

4 12
3
4 7
8 9
9 12

5 10
4
1 8
5 8
7 10
8 9

5 10
4
1 8
5 8
9 10
4 7

4 12
3
4 7
8 9
10 11

5 8
4
5 6
5 33
4 5
8 8

4 12
3
4 7
8 9
10 11

5 10
4
1 8
5 8
9 10
4 7

5 10
4
1 8
5 8
7 10
8 9

1 3
2
1 3
2 3

5 8
4
5 6
5 33
4 5
8 8

3 4
3
3 4
3 4
3 4

3 6
2
3 4
4 5

3 6
2
3 4
0 5

1 3
2
3 5
3 5

2 5
2
1 2
1 2

2 5
1
2 5

2 5
1
1 3

2 4
1
2 2

1 3
2
1 3
2 3

1 2
2
1 2
2 2

2 2
1
1 3

2 3
1
1 2

1 3
3
1 3
2 3
4 5

5 5
3
2 4
2 5
2 6

1 3
2
1 3
2 3

1 2
2
1 2
2 2

2 2
1
1 3

2 3
1
1 2

1 3
3
1 3
2 3
4 5

1 3
2
1 3
2 3

1 2
2
1 2
2 2

2 2
1
1 3

2 3
1
1 2

1 3
2
1 3
2 3

1 2
2
1 2
2 2

2 2
1
1 3

2 3
1
1 1

1 3
2
1 3
2 3

1 2
2
1 2
2 2

2 2
1
1 3

1 3
2
1 3
2 3

1 2
2
1 2
2 2

1 3
2
1 3
2 3

0 0
1
0 0

5 5
3
2 4
2 5
2 6

4 12
3
4 7
8 9
9 12

5 10 
2 
5 7 
8 10 

5 10 
3 
5 7 
8 10 
0 1 

4 12
3
4 7
8 9
9 11

4 12
3
4 7
8 9
9 11

4 12
3
4 7
8 9
9 12

5 10
4
1 8
5 8
7 10
8 9

5 10
4
1 8
5 8
9 10
4 7

4 12
3
4 7
8 9
10 11

5 8
4
5 6
5 33
4 5
8 8

3 6
4
3 3
3 4
3 6
4 6