1000
33 1
95 2
754 3
359 4
312 5
143 6
647 7
564 8
149 9
333 10
603 11
84 12
201 13
930 14
77 15
958 16
440 17
319 18
395 19
134 20
677 21
836 22
330 23
37 24
861 25
622 26
62 27
597 28
438 29
967 30
984 31
608 32
778 33
566 34
316 35
211 36
537 37
949 38
385 39
748 40
627 41
67 42
674 43
450 44
32 45
135 46
93 47
907 48
779 49
583 50
690 51
195 52
44 53
908 54
916 55
291 56
158 57
775 58
231 59
449 60
887 61
378 62
626 63
148 64
104 65
179 66
209 67
109 68
322 69
168 70
646 71
20 72
466 73
881 74
683 75
370 76
672 77
273 78
810 79
760 80
168 81
665 82
719 83
640 84
825 85
537 86
952 87
447 88
27 89
450 90
761 91
789 92
549 93
790 94
309 95
401 96
521 97
284 98
660 99
239 100
874 101
206 102
309 103
750 104
275 105
702 106
260 107
707 108
149 109
983 110
89 111
501 112
608 113
94 114
378 115
584 116
846 117
527 118
640 119
537 120
983 121
984 122
100 123
456 124
33 125
537 126
977 127
43 128
95 129
971 130
428 131
386 132
982 133
365 134
792 135
321 136
359 137
767 138
846 139
570 140
764 141
37 142
958 143
448 144
600 145
911 146
766 147
377 148
760 149
982 150
587 151
731 152
405 153
104 154
364 155
241 156
684 157
62 158
663 159
873 160
847 161
623 162
740 163
771 164
327 165
640 166
629 167
846 168
810 169
465 170
923 171
921 172
391 173
558 174
989 175
324 176
665 177
575 178
822 179
852 180
819 181
370 182
799 183
835 184
362 185
410 186
20 187
258 188
898 189
577 190
382 191
113 192
73 193
970 194
505 195
600 196
936 197
394 198
923 199
532 200
4 201
857 202
835 203
36 204
999 205
759 206
535 207
843 208
320 209
833 210
711 211
897 212
820 213
578 214
275 215
284 216
452 217
714 218
745 219
366 220
600 221
711 222
252 223
644 224
573 225
465 226
801 227
866 228
491 229
778 230
660 231
2 232
919 233
439 234
819 235
723 236
956 237
766 238
378 239
40 240
209 241
190 242
35 243
338 244
362 245
711 246
26 247
946 248
521 249
757 250
309 251
537 252
812 253
502 254
362 255
338 256
756 257
761 258
147 259
320 260
967 261
685 262
672 263
71 265
610 266
365 267
185 268
540 269
326 270
921 271
291 272
822 273
766 274
158 275
891 276
84 277
709 278
220 279
310 280
46 281
29 282
989 283
750 284
800 285
762 286
94 287
494 288
126 289
716 290
320 291
544 292
610 293
324 294
73 295
423 296
921 297
511 298
928 299
787 300
185 301
49 302
640 303
653 304
966 305
573 306
974 307
198 308
290 309
579 310
74 311
660 312
177 313
566 314
723 315
511 316
983 317
802 318
161 319
264 320
720 321
1 322
817 323
142 324
318 325
361 326
465 327
898 328
428 329
209 330
724 331
846 332
231 333
185 334
428 335
510 336
330 337
365 338
960 339
320 340
209 341
157 342
972 343
309 344
446 345
437 346
153 347
173 348
548 349
786 350
57 351
789 352
314 353
18 354
541 355
647 356
665 357
748 358
782 359
846 360
665 361
987 362
389 363
582 364
320 365
398 366
27 367
868 368
301 369
383 370
746 371
677 372
297 373
745 374
588 375
16 376
570 377
579 378
946 379
34 380
965 381
365 382
121 383
415 384
249 385
390 386
404 387
683 388
825 389
206 390
562 391
85 392
987 393
788 394
158 395
309 396
457 397
357 398
546 399
599 400
522 401
797 402
247 403
365 404
953 405
408 406
319 407
171 408
232 409
546 410
27 411
7 412
322 413
923 414
745 415
139 416
918 417
511 418
179 419
935 420
194 421
882 422
177 423
225 424
309 425
411 426
291 427
468 428
12 429
840 430
756 431
683 432
587 433
126 434
670 435
279 436
870 437
843 438
115 439
558 440
623 441
846 442
506 443
485 444
296 445
320 446
810 447
766 448
263 449
320 450
709 451
10 452
566 453
378 454
757 455
409 456
450 457
920 458
960 459
946 460
858 461
518 462
171 463
468 464
757 465
187 466
711 467
923 468
264 469
223 470
998 471
475 472
414 473
702 474
562 475
967 476
529 477
358 478
689 479
362 480
588 481
231 482
383 483
860 484
365 485
168 486
1 487
155 488
805 489
386 490
893 491
881 492
84 493
438 494
382 495
731 496
500 497
372 498
68 499
26 500
7 501
757 502
403 503
8 504
782 505
284 506
727 507
464 508
578 509
291 510
158 511
84 512
318 513
137 514
956 515
676 516
361 517
220 518
658 519
629 520
910 521
927 522
852 523
967 524
236 525
527 526
386 527
637 528
440 529
313 530
493 531
831 532
819 533
410 534
395 535
241 536
365 537
756 538
468 539
17 540
425 541
7 542
580 543
533 544
362 545
754 546
893 547
951 548
548 549
745 550
95 551
297 552
414 553
539 554
185 555
705 556
967 557
33 558
732 559
856 560
309 561
923 562
627 563
139 564
160 565
812 566
205 567
216 568
664 569
139 570
390 571
523 572
378 573
271 574
645 575
757 576
317 577
817 578
338 579
745 580
955 581
660 582
442 583
220 584
176 585
84 586
588 587
219 588
394 589
855 590
323 591
493 592
446 593
36 594
37 595
868 596
37 597
320 598
927 599
930 600
415 601
811 602
183 603
635 604
102 605
608 606
342 607
20 608
840 609
85 610
395 611
297 612
280 613
889 614
209 615
580 616
364 617
381 618
719 619
378 620
592 621
134 622
121 623
19 624
631 625
916 626
857 627
166 628
469 629
629 630
42 631
523 632
144 633
256 634
291 635
485 636
874 637
662 638
211 639
558 640
954 641
16 642
302 643
788 644
622 645
264 646
846 647
997 648
2 649
303 650
684 651
437 652
157 653
320 654
907 655
337 656
900 657
344 658
176 659
170 660
406 661
464 662
59 663
579 664
264 665
121 666
493 667
888 668
353 669
95 670
158 671
819 672
114 673
987 674
276 675
740 676
739 677
49 678
371 679
920 680
414 681
323 682
907 683
893 684
319 685
834 686
511 687
168 688
480 689
125 690
615 691
378 692
813 693
273 694
862 695
211 696
277 697
84 698
454 699
898 700
598 701
590 702
711 703
183 704
465 705
597 706
322 707
225 708
983 709
793 710
757 711
365 712
626 713
873 714
714 715
819 716
653 717
793 718
67 719
726 720
573 721
373 722
413 723
658 724
857 725
33 726
796 727
471 728
762 729
442 730
745 731
699 732
487 733
934 734
666 735
665 736
552 737
740 738
413 739
524 740
410 741
543 742
886 743
213 744
946 745
847 746
247 747
457 748
594 749
360 750
144 751
232 752
414 753
745 754
435 755
646 756
967 757
134 758
457 759
987 760
365 761
745 762
217 763
708 764
9 765
665 766
822 767
242 768
789 769
179 770
920 771
12 772
219 773
209 774
260 775
708 776
606 777
382 778
231 779
313 780
537 781
62 782
542 783
915 784
828 785
483 786
231 787
457 788
357 789
672 790
882 791
448 792
671 793
440 794
533 795
533 796
165 797
580 798
811 799
257 800
817 801
795 802
518 803
74 804
831 805
537 806
296 807
904 808
95 809
320 810
18 811
511 812
881 813
187 814
199 815
179 816
356 817
846 818
264 819
27 820
412 821
966 822
466 823
113 824
317 825
437 826
80 827
989 828
767 829
173 830
616 831
427 832
444 833
126 834
289 835
390 836
992 837
868 838
197 839
264 840
252 841
264 842
43 843
928 844
420 845
382 846
284 847
244 848
949 849
464 850
87 851
134 852
314 853
425 854
579 855
4 856
398 857
505 858
946 859
187 860
446 861
458 862
150 863
363 864
920 865
615 866
952 867
365 868
862 869
320 870
597 871
642 872
378 873
546 874
970 875
118 876
633 877
86 878
38 879
669 880
37 881
551 882
272 883
778 884
191 885
454 886
359 887
550 888
18 889
539 890
413 891
317 892
190 893
398 894
206 895
393 896
564 897
723 898
527 899
593 900
727 901
383 902
109 903
893 904
510 905
329 906
946 907
468 908
571 909
447 910
475 911
658 912
857 913
711 914
4 915
579 916
323 917
19 918
737 919
27 920
927 921
161 922
778 923
953 924
853 925
886 926
190 927
111 928
24 929
558 930
992 931
440 932
53 933
802 934
215 935
448 936
629 937
206 938
379 939
338 940
340 941
577 942
12 943
247 944
121 945
967 946
268 947
892 948
338 949
838 950
345 951
113 952
468 953
545 954
999 955
720 956
616 957
983 958
448 959
720 960
413 961
132 962
992 963
797 964
896 965
90 966
537 967
272 968
27 969
942 970
115 971
855 972
615 973
356 974
29 975
565 976
677 977
982 978
198 979
891 980
576 981
290 982
264 983
415 984
455 985
110 986
983 987
758 988
446 989
854 990
104 991
967 992
836 993
133 994
381 995
430 996
359 997
356 998
79 999
140 1000

